8194
6150
8201
4105
8203
6158
2064
8208
4117
6165
6168
2074
6171
2075
8218
8222
4126
2080
4132
2085
2090
4141
4142
2094
2095
4145
8245
8248
8249
8250
2104
6207
2112
6208
8266
4170
8268
6224
2131
6228
6230
4184
2136
4186
8284
4193
4195
4197
2150
8295
2152
6253
6254
8303
4209
2165
8309
6265
2170
6267
6271
8320
6275
8327
2184
8329
6283
4237
8334
2191
6288
8342
4246
2199
4253
8350
8351
6304
8353
4254
2206
8354
8358
4263
6312
6313
4267
8364
2222
6319
8368
8367
2226
4278
6329
4286
6341
8391
6352
2263
6362
8415
8416
6369
8417
8419
6374
8426
8444
4350
6400
4361
6411
8460
2317
4368
4372
6422
2327
4380
6430
8479
8487
2346
8491
4398
8498
4402
6452
4405
2356
8503
2365
6461
4415
4418
2375
8520
4427
2381
6478
2385
4439
8535
6493
8542
4447
2399
4452
2408
4460
2415
4463
8561
8563
2426
8571
6524
4480
2432
2435
4484
6535
2441
4490
2444
8591
6549
4502
8599
4509
4511
2465
2467
8612
6568
8617
6570
8620
6575
6581
4533
6583
4542
6597
8648
2507
2510
2511
2512
8661
4565
2518
4568
4570
2526
8672
4576
4578
4579
6628
8677
8678
2533
6630
6633
2535
2534
2543
4591
8687
2546
4595
6644
4597
4601
8699
6655
2560
8705
2567
6666
4618
6669
4628
8725
6680
2585
2587
4639
4642
6693
2597
4651
2604
8752
8755
6708
4663
6713
2618
2619
8761
4670
8770
4677
2629
6727
6729
2637
2639
6738
2643
4693
6741
2648
8794
6747
2655
2658
2661
2663
4711
6761
6764
8813
4721
4724
8824
2683
6783
8831
2688
2692
6789
8838
6793
6794
8846
2704
2706
2707
4756
6806
2710
6808
6810
2724
4773
4774
8871
4775
6826
6828
8881
6837
2741
6839
4795
2747
8894
8896
6849
4802
2755
8900
6853
2759
6858
8910
8912
8913
8916
2773
2774
4828
8926
8930
2786
2787
2790
4840
2794
8938
2797
2798
2806
8951
4858
6907
4860
4862
2819
6915
2824
6921
8972
8975
4881
4884
2837
2839
2840
8985
8986
4891
8988
2850
4898
4901
2855
9003
6962
9011
2868
9013
2875
9020
6973
6974
9024
9025
9027
9030
6982
4936
9032
2886
4944
6992
2901
9050
9051
4956
7013
2918
4967
4969
2922
2927
4976
4978
7029
7033
7038
2944
4993
2946
9088
4997
2956
2957
7052
7056
7057
5009
2963
9107
7061
5016
2969
2971
2972
9121
9122
2978
9124
7079
2988
7087
9145
3003
7100
5051
5053
9151
9153
9154
3011
7105
3009
7110
7112
9160
9161
3019
5068
9163
9169
7123
9172
3029
5080
9176
3035
9181
7136
3042
5090
5094
1000
1002
9194
1004
1007
3055
3057
5106
3056
9199
9203
5110
3063
5112
9208
7161
3067
7163
3072
7169
1026
7171
3076
5125
5128
7180
3086
9232
7184
1041
7186
5137
7189
5142
9238
1050
3098
3099
7200
1058
1059
3108
9253
9254
5159
7206
9257
9258
3114
1072
1074
9268
3125
5174
7224
7226
3132
7230
9279
3137
3140
3142
5191
3145
5195
3148
1101
1102
7246
5199
9297
1104
3158
3160
7260
7261
5214
1117
7264
9315
7268
5222
9320
7273
1130
5229
1133
9331
3188
5235
1142
3190
7287
5239
5249
7299
3204
7301
7302
1159
5255
1163
9355
5260
9356
1164
5268
3222
7321
7323
7327
7329
5283
3235
9381
9383
9384
9388
9390
1198
7345
3249
7350
5304
7355
1213
5310
1215
7360
3261
9408
1220
9413
7366
3270
9414
3275
5326
9423
3285
5334
9430
1237
3291
5342
5343
5344
1253
7398
5350
9449
5354
5356
5357
7407
5360
7409
9461
7415
1272
9470
5376
5379
3331
3333
3334
5385
3337
3338
7436
1292
9486
1295
9488
1300
7445
3357
1316
3366
3369
3370
7468
7471
5427
1331
7477
1334
3381
3382
3385
5434
5435
1339
7478
9531
3392
5443
5444
5445
3398
1351
9546
3403
5450
1357
5154
5457
9556
5461
9558
3415
3416
9568
9571
7524
7525
3427
1383
3432
7529
1389
7534
7538
7543
9592
7544
9596
3453
1407
3456
3459
9606
3462
3464
9609
9610
5513
3468
9611
7561
9612
5517
9620
5524
7572
9623
7576
9622
1434
3483
3485
1438
1437
3488
7581
9632
1443
7589
3494
1449
5546
3501
7597
3507
3511
7607
9657
1463
9659
1468
5559
3518
5567
7611
9665
3522
5571
9666
9667
5574
5575
1479
1478
1485
9677
5583
7632
3539
7635
1493
7637
9687
7642
5595
1499
3552
3555
7654
5606
1516
3566
9714
7667
5619
7668
9718
5622
9720
7674
7675
5629
7678
1533
3587
1542
9734
7688
7686
5644
3600
7699
5652
9748
9750
9756
3612
5663
5664
3617
3618
3620
3622
3625
5674
7723
3626
7729
5686
5691
7742
9792
9795
9797
5702
9801
1609
7753
5710
1614
3664
1617
3673
3675
1629
1630
9823
7775
3680
3685
7782
9835
1643
9837
9836
3697
7796
1652
9846
7798
7805
3709
1666
1667
7817
5769
9868
1677
7821
5775
3725
7826
9874
1685
5783
3737
9882
3739
1692
9885
7838
5791
7834
7841
1693
3750
1703
7846
3755
7854
9903
9911
1721
1722
7869
5822
3774
3778
1731
7876
9927
3787
5838
3790
9936
1745
7890
3794
3799
5848
7898
3803
7900
5850
1759
5856
7905
3810
3811
9956
7903
7910
7907
5864
9960
5860
7913
3820
3821
5870
7919
9965
3825
7915
5876
5877
7926
5878
3828
1782
7932
3837
3836
3841
9987
7941
9991
1801
9996
5905
3860
1813
5911
1819
3870
1825
3877
1830
3880
7980
1840
5938
5939
7988
7990
5943
5955
3910
8007
3913
1865
5965
3919
8016
3924
5973
3925
8025
8029
1886
5983
1888
8032
8033
5985
5981
3937
5991
1895
5997
3951
8049
6003
6007
3961
1915
1924
1933
6035
3989
3991
6040
3994
6048
4005
8103
6060
4012
6063
1967
4017
8113
6067
8115
4021
8116
4023
1976
4020
1980
8127
4034
4035
8135
8138
4042
4044
6094
1998
8144
4049
6098
6099
8146
8149
4054
2005
8157
2015
8159
8162
2019
4067
2024
6120
4074
2026
2032
8177
8178
2044
